00110100000000010000000000000000
00000000000000000000000000000000
00000000000000000000000000000000
00000000000000000000000000000000
00111100001000100000000000000011
00000000000000000000000000000000
00000000000000000000000000000000
00000000000000000000000000000000
00000100001000100001100000000000
01000000001001000000000000000001
01011000001001010000000000000111
00111000010000000000000000000011
00000000000000000000000000000000
00000000000000000000000000000000
00000000000000000000000000000000
01001000011001010000000000000001
01001100100001100000000000000001
01010100000000000000000000010100
00000000000000000000000000000000
00000000000000000000000000000000
00000000000000000000000000000000
01001100011001010000000000000001
01001000100001100000000000000001
00111000101000000000000000000100
00111000110000000000000000000101